>> tic; q6_2; toc;
Size of training set is 21300, size of test set is 5340

accuracy =

                         1         0.733707865168539
                         2         0.724531835205993
                         5         0.747378277153558
                        10         0.747565543071161
                        15         0.747752808988764
                        20         0.746629213483146
                        30          0.74812734082397
                        40         0.743820224719101
                        50         0.741011235955056
                       100         0.728089887640449
                       250         0.693445692883895

Size of training set is 21330, size of test set is 5310

accuracy =

                         1         0.733707865168539         0.738418079096045
                         2         0.724531835205993         0.719585687382298
                         5         0.747378277153558         0.735781544256121
                        10         0.747565543071161         0.743126177024482
                        15         0.747752808988764         0.746327683615819
                        20         0.746629213483146         0.745951035781544
                        30          0.74812734082397         0.745951035781544
                        40         0.743820224719101         0.741996233521657
                        50         0.741011235955056         0.740677966101695
                       100         0.728089887640449         0.723540489642185
                       250         0.693445692883895         0.672504708097928

Size of training set is 21300, size of test set is 5340

accuracy =

                         1         0.733707865168539         0.738418079096045         0.675093632958802
                         2         0.724531835205993         0.719585687382298         0.687453183520599
                         5         0.747378277153558         0.735781544256121         0.688576779026217
                        10         0.747565543071161         0.743126177024482         0.694943820224719
                        15         0.747752808988764         0.746327683615819         0.695505617977528
                        20         0.746629213483146         0.745951035781544         0.697191011235955
                        30          0.74812734082397         0.745951035781544         0.695692883895131
                        40         0.743820224719101         0.741996233521657         0.697378277153558
                        50         0.741011235955056         0.740677966101695         0.696816479400749
                       100         0.728089887640449         0.723540489642185         0.689325842696629
                       250         0.693445692883895         0.672504708097928         0.661048689138577

Size of training set is 21300, size of test set is 5340

accuracy =

  Columns 1 through 4

                         1         0.733707865168539         0.738418079096045         0.675093632958802
                         2         0.724531835205993         0.719585687382298         0.687453183520599
                         5         0.747378277153558         0.735781544256121         0.688576779026217
                        10         0.747565543071161         0.743126177024482         0.694943820224719
                        15         0.747752808988764         0.746327683615819         0.695505617977528
                        20         0.746629213483146         0.745951035781544         0.697191011235955
                        30          0.74812734082397         0.745951035781544         0.695692883895131
                        40         0.743820224719101         0.741996233521657         0.697378277153558
                        50         0.741011235955056         0.740677966101695         0.696816479400749
                       100         0.728089887640449         0.723540489642185         0.689325842696629
                       250         0.693445692883895         0.672504708097928         0.661048689138577

  Column 5

         0.693258426966292
         0.696629213483146
         0.701498127340824
                       0.7
         0.693258426966292
         0.693632958801498
         0.684831460674157
         0.680898876404494
         0.678651685393258
         0.678277153558052
         0.660486891385768

Size of training set is 21330, size of test set is 5310

accuracy =

  Columns 1 through 4

                         1         0.733707865168539         0.738418079096045         0.675093632958802
                         2         0.724531835205993         0.719585687382298         0.687453183520599
                         5         0.747378277153558         0.735781544256121         0.688576779026217
                        10         0.747565543071161         0.743126177024482         0.694943820224719
                        15         0.747752808988764         0.746327683615819         0.695505617977528
                        20         0.746629213483146         0.745951035781544         0.697191011235955
                        30          0.74812734082397         0.745951035781544         0.695692883895131
                        40         0.743820224719101         0.741996233521657         0.697378277153558
                        50         0.741011235955056         0.740677966101695         0.696816479400749
                       100         0.728089887640449         0.723540489642185         0.689325842696629
                       250         0.693445692883895         0.672504708097928         0.661048689138577

  Columns 5 through 6

         0.693258426966292         0.659322033898305
         0.696629213483146         0.645951035781544
         0.701498127340824         0.673634651600753
                       0.7         0.677212806026365
         0.693258426966292         0.675517890772128
         0.693632958801498         0.683050847457627
         0.684831460674157         0.688512241054614
         0.680898876404494         0.689077212806026
         0.678651685393258         0.688888888888889
         0.678277153558052         0.670433145009416
         0.660486891385768         0.628060263653484

Mean accuracy on all the cross validation runs

totalMean =

                         1         0.699960007617597
                         2         0.694830191074716
                         5         0.709373875875495
                        10         0.712569669269346
                        15         0.711672485664106
                        20         0.713291013351954
                        30         0.712622992445883
                        40         0.710634164920967
                        50          0.70920925114793
                       100         0.697933303709346
                       250          0.66310924903193

Elapsed time is 5661.708577 seconds.              





67.33138                      0.1                        -3
81.30409                      0.1                        -1
84.55555                      0.1                         0
86.25341                      0.1                         1
64.77582                      0.1                         3
87.08966                        1                        -3
91.61208                        1                        -1
92.33723                        1                         0
92.74658                        1                         1
88.99415                        1                         3
91.66861                       10                        -3
92.60623                       10                        -1
93.07017                       10                         0
93.38986                       10                         1
89.35672                       10                         3
91.85380                      100                        -3
92.71734                      100                        -1
93.07017                      100                         0
93.38986                      100                         1
89.35672                      100                         3
91.89083                     1000                        -3
92.71734                     1000                        -1
93.07017                     1000                         0
93.38986                     1000                         1
89.35672                     1000                         3
91.89083                     10000                        -3
92.71734                     10000                        -1
93.07017                     10000                         0
93.38986                     10000                         1
89.35672                     10000                         3                                          


KNN on test set:
>> tic; q7_4; toc

accuracy =

         0.767761954013844

Elapsed time is 3155.136629 seconds.
